Western Sahara - wi29.txt
Best Sequence So Far:
[1, 0, 4, 7, 3, 2, 6, 8, 12, 13, 16, 19, 15, 23, 26, 24, 25, 27, 28, 20, 22, 21, 17, 18, 14, 11, 10, 9, 5]
Shortest Distance So Far: 27748.70957813486 (optimal) (T=5,000, Epochs=1,000)
Optimal Tour: 27603

Djibouti - dj38.txt
Best Sequence So Far:
[2, 4, 5, 6, 7, 8, 11, 10, 18, 17, 16, 15, 12, 14, 19, 22, 25, 24, 21, 23, 27, 26, 30, 35, 33, 32, 37, 36, 34, 31, 29,
28, 20, 13, 9, 0, 1, 3]
Shortest Distance So Far: 6659.431532931465 (optimal) (T=5,000, Epochs=1,000)
Optimal Tour: 6656

Qatar - qa194.txt
Best Sequence So Far:
[133, 136, 139, 141, 145, 148, 144, 155, 160, 162, 163, 168, 175, 181, 193, 189, 191, 190, 188, 186, 182, 185, 178, 171,
173, 172, 174, 183, 176, 180, 187, 192, 184, 170, 165, 159, 147, 142, 134, 128, 132, 127, 123, 122, 119, 116, 115, 106,
107, 99, 83, 87, 90, 77, 74, 71, 73, 68, 25, 23, 16, 6, 10, 13, 12, 22, 24, 70, 75, 79, 86, 101, 102, 104, 109, 111,
114, 120, 130, 135, 154, 150, 158, 164, 167, 177, 179, 169, 166, 161, 157, 146, 151, 140, 143, 149, 152, 156, 153, 138,
137, 129, 110, 103, 100, 98, 81, 58, 61, 88, 89, 93, 97, 85, 84, 64, 19, 62, 35, 15, 7, 5, 0, 3, 1, 2, 4, 8, 9, 11, 14,
18, 29, 31, 30, 34, 43, 45, 40, 37, 39, 33, 38, 26, 21, 28, 44, 36, 50, 46, 42, 47, 52, 51, 53, 54, 49, 41, 48, 55, 57,
60, 66, 72, 65, 67, 63, 56, 27, 17, 20, 32, 59, 69, 76, 78, 80, 82, 91, 92, 95, 94, 96, 105, 117, 121, 118, 112, 108,
113, 125, 124, 126, 131]
Shortest Distance So Far: 10401.452088380116
Optimal Tour: 9352

Uruguay - uy734.txt
Best Sequence So Far:
[616, 583, 600, 599, 547, 540, 506, 509, 456, 432, 429, 376, 375, 388, 381, 366, 365, 361, 360, 357, 301, 296, 284, 292,
317, 302, 314, 281, 253, 257, 272, 259, 240, 206, 178, 146, 142, 125, 65, 71, 72, 73, 74, 66, 67, 9, 3, 7, 14, 11, 12,
8, 13, 48, 51, 58, 56, 61, 106, 110, 113, 129, 138, 148, 153, 173, 182, 193, 165, 174, 154, 149, 155, 166, 177, 199,
229, 297, 290, 263, 237, 231, 222, 224, 218, 185, 158, 118, 111, 107, 103, 130, 136, 141, 159, 156, 160, 162, 139, 133,
150, 167, 175, 198, 202, 225, 275, 355, 398, 426, 465, 455, 443, 495, 602, 652, 679, 721, 726, 712, 717, 728, 729, 707,
719, 727, 732, 731, 724, 715, 710, 698, 661, 582, 560, 549, 505, 449, 431, 422, 433, 527, 546, 633, 666, 594, 548, 544,
545, 494, 466, 467, 460, 463, 451, 439, 396, 395, 307, 254, 216, 210, 201, 137, 121, 105, 93, 102, 98, 95, 96, 116, 134,
128, 213, 227, 248, 278, 318, 414, 481, 523, 531, 553, 568, 581, 638, 634, 635, 647, 672, 676, 685, 680, 673, 671, 608,
572, 532, 485, 474, 441, 415, 421, 342, 293, 311, 305, 339, 335, 329, 266, 276, 344, 369, 368, 359, 328, 242, 219, 226,
230, 223, 323, 341, 333, 362, 379, 408, 419, 440, 404, 405, 372, 358, 354, 340, 350, 385, 377, 367, 391, 389, 437, 458,
497, 507, 499, 489, 411, 313, 270, 247, 241, 132, 117, 109, 108, 169, 164, 168, 179, 252, 268, 312, 401, 448, 462, 472,
508, 512, 514, 500, 480, 420, 378, 356, 325, 288, 280, 245, 212, 181, 92, 83, 80, 79, 78, 84, 76, 46, 26, 21, 24, 44,
45, 35, 85, 90, 114, 126, 239, 256, 246, 228, 208, 180, 214, 262, 269, 336, 461, 522, 550, 542, 538, 543, 519, 482, 471,
454, 459, 442, 475, 503, 493, 469, 464, 453, 418, 423, 450, 447, 438, 394, 380, 351, 330, 294, 295, 261, 236, 211, 195,
186, 194, 190, 189, 161, 75, 53, 43, 40, 33, 25, 23, 27, 42, 50, 68, 94, 82, 131, 124, 112, 89, 87, 81, 86, 100, 101,
115, 157, 163, 143, 135, 127, 77, 63, 31, 34, 60, 47, 36, 32, 29, 19, 41, 64, 88, 69, 70, 91, 97, 59, 54, 99, 119, 120,
123, 207, 260, 300, 331, 363, 370, 399, 407, 409, 417, 435, 496, 533, 551, 569, 604, 628, 643, 650, 665, 709, 713, 716,
725, 706, 705, 697, 668, 646, 625, 597, 586, 436, 343, 303, 217, 176, 172, 147, 151, 197, 200, 258, 287, 332, 382, 416,
430, 476, 486, 501, 567, 691, 711, 651, 607, 592, 593, 564, 552, 530, 539, 515, 565, 595, 640, 667, 678, 682, 675, 683,
688, 689, 681, 694, 687, 684, 677, 690, 696, 686, 658, 662, 649, 606, 585, 563, 576, 580, 561, 510, 502, 477, 457, 345,
334, 283, 273, 243, 238, 250, 309, 322, 315, 320, 327, 304, 271, 267, 279, 251, 233, 204, 235, 264, 291, 316, 337, 352,
371, 386, 400, 534, 588, 574, 578, 556, 559, 570, 636, 641, 623, 618, 630, 627, 626, 624, 596, 504, 473, 468, 470, 444,
428, 427, 424, 393, 403, 390, 306, 249, 203, 209, 220, 277, 308, 326, 348, 384, 392, 387, 402, 406, 397, 353, 349, 319,
289, 298, 310, 346, 412, 413, 528, 529, 537, 554, 637, 648, 669, 655, 674, 660, 722, 733, 692, 723, 693, 699, 702, 701,
700, 703, 704, 720, 718, 730, 714, 708, 695, 654, 642, 639, 614, 605, 591, 598, 615, 609, 603, 587, 610, 589, 535, 511,
526, 521, 518, 517, 516, 525, 557, 558, 575, 571, 629, 601, 590, 613, 622, 632, 621, 631, 617, 584, 612, 566, 536, 488,
491, 487, 434, 338, 299, 234, 232, 188, 152, 145, 140, 144, 171, 184, 215, 205, 192, 196, 187, 221, 274, 282, 285, 286,
483, 490, 524, 520, 562, 573, 619, 656, 659, 653, 644, 645, 657, 663, 670, 664, 577, 555, 541, 513, 498, 484, 479, 425,
383, 373, 374, 347, 324, 321, 255, 191, 183, 170, 57, 6, 4, 1, 0, 2, 5, 15, 17, 10, 20, 18, 16, 22, 28, 30, 37, 38, 39,
55, 52, 49, 62, 104, 122, 244, 265, 364, 410, 445, 446, 452, 478, 492, 579, 611, 620]
Shortest Distance So Far: 152248.26334772064
Optimal Tour: 79114